12 11 2
1 4630817.5039 786260.9553 0.0460
2 4630822.9983 786261.0029 6.2519
3 4630824.3985 786260.9536 0.0166
4 4630824.4526 786262.7360 3.2019
5 4630830.5046 786260.8373 0.0546
6 4630834.4741 786261.0221 0.0003
7 4630837.1305 786261.0387 0.0015
8 4630841.1480 786261.0198 0.0213
9 4630830.4688 786266.3321 6.2767
10 4630834.4440 786265.6980 3.0623
11 4630837.0520 786265.8991 6.2656
12 4630840.9185 786265.5629 3.0717
1 2
2 3
3 4
3 5
5 9
5 6
6 10
6 7
7 11
7 8
8 12
1 9 10
2 11 12

