12 11 3
1 4630828.2566 786260.9176 0.1047
2 4630830.3973 786261.0010 6.2703
3 4630832.3915 786260.9810 0.0672
4 4630832.3913 786262.4277 3.1400
5 4630835.9909 786260.9684 0.0305
6 4630836.0095 786263.5527 0.0208
7 4630839.0924 786261.0320 6.2680
8 4630839.0574 786263.4300 0.0318
9 4630842.0835 786260.9929 0.0380
10 4630842.0380 786263.5674 6.2536
11 4630845.0756 786260.9427 6.2740
12 4630845.1220 786263.4119 6.2722
1 2
2 3
3 4
3 5
5 6
5 7
7 8
7 9
9 10
9 11
11 12
1 6 8
2 10 8
3 10 12
